[gd_scene load_steps=24 format=3 uid="uid://dgpnvfakotxpm"]

[ext_resource type="PackedScene" uid="uid://cktissf2yda8e" path="res://assets/3d/people/psxprop_-_male_character_02_rigged.glb" id="1_3iw8k"]

[sub_resource type="CapsuleShape3D" id="CapsuleShape3D_3iw8k"]
radius = 0.194653
height = 1.94653

[sub_resource type="CapsuleShape3D" id="CapsuleShape3D_t4ufd"]
radius = 0.021531
height = 0.21531

[sub_resource type="CapsuleShape3D" id="CapsuleShape3D_8pjy7"]
radius = 0.0251195
height = 0.251195

[sub_resource type="CapsuleShape3D" id="CapsuleShape3D_avh35"]
radius = 0.028708
height = 0.28708

[sub_resource type="CapsuleShape3D" id="CapsuleShape3D_m3j6f"]
radius = 0.0322964
height = 0.322964

[sub_resource type="CapsuleShape3D" id="CapsuleShape3D_kwdp3"]
radius = 0.0192326
height = 0.192326

[sub_resource type="CapsuleShape3D" id="CapsuleShape3D_qqoj0"]
radius = 0.041516
height = 0.41516

[sub_resource type="CapsuleShape3D" id="CapsuleShape3D_svjcv"]
radius = 0.0225703
height = 0.225703

[sub_resource type="CapsuleShape3D" id="CapsuleShape3D_2smsk"]
radius = 0.0489885
height = 0.489885

[sub_resource type="CapsuleShape3D" id="CapsuleShape3D_ela0v"]
radius = 0.0716282
height = 0.716282

[sub_resource type="CapsuleShape3D" id="CapsuleShape3D_euf3d"]
radius = 0.0225703
height = 0.225703

[sub_resource type="CapsuleShape3D" id="CapsuleShape3D_36s3b"]
radius = 0.0490573
height = 0.490573

[sub_resource type="CapsuleShape3D" id="CapsuleShape3D_q4gau"]
radius = 0.0716413
height = 0.716413

[sub_resource type="CapsuleShape3D" id="CapsuleShape3D_xlkob"]
radius = 0.0892698
height = 0.892698

[sub_resource type="CapsuleShape3D" id="CapsuleShape3D_0dx2m"]
radius = 0.0745161
height = 0.745161

[sub_resource type="CapsuleShape3D" id="CapsuleShape3D_c02cs"]
radius = 0.0337539
height = 0.337539

[sub_resource type="CapsuleShape3D" id="CapsuleShape3D_vct5t"]
radius = 0.0146867
height = 0.146867

[sub_resource type="CapsuleShape3D" id="CapsuleShape3D_dnul0"]
radius = 0.08927
height = 0.8927

[sub_resource type="CapsuleShape3D" id="CapsuleShape3D_8w8lj"]
radius = 0.0745134
height = 0.745134

[sub_resource type="CapsuleShape3D" id="CapsuleShape3D_a7ueh"]
radius = 0.0339254
height = 0.339254

[sub_resource type="CapsuleShape3D" id="CapsuleShape3D_lnt6b"]
radius = 0.0146903
height = 0.146903

[sub_resource type="BoxShape3D" id="BoxShape3D_3iw8k"]
size = Vector3(1.52783, 3.48166, 0.917969)

[node name="Manager" type="CharacterBody3D"]

[node name="Sketchfab_Scene" parent="." instance=ExtResource("1_3iw8k")]
transform = Transform3D(1, 0, 0, 0, 1, 0, 0, 0, 1, 0.0231932, 0, 0.0325365)

[node name="Sketchfab_model" parent="Sketchfab_Scene" index="0"]
transform = Transform3D(1, 0, 0, 0, -4.37114e-08, 1, 0, -1, -4.37114e-08, 0, 0, 0)

[node name="ca4277049ce1436b9e342cd12ef1e627_fbx" parent="Sketchfab_Scene/Sketchfab_model" index="0"]
transform = Transform3D(1, 0, 0, 0, -4.37114e-08, -1, 0, 1, -4.37114e-08, 0, 0, 0)

[node name="Skeleton3D" parent="Sketchfab_Scene/Sketchfab_model/ca4277049ce1436b9e342cd12ef1e627_fbx/Object_2/RootNode/Object_4" index="0"]
bones/1/position = Vector3(-0.00251794, 1.89384, -0.0127796)
bones/1/rotation = Quaternion(0.00831718, 0.0244604, -0.0222079, 0.99942)
bones/2/rotation = Quaternion(-0.0271514, 0.00197537, 0.0113946, 0.999564)
bones/3/rotation = Quaternion(0.00338568, 0.00576629, 0.00469724, 0.999967)
bones/4/rotation = Quaternion(0.0033857, 0.00576631, 0.00469724, 0.999967)
bones/5/rotation = Quaternion(0.0288699, -0.00367348, -0.0106526, 0.99952)
bones/6/rotation = Quaternion(0.0235006, -0.0268053, 0.0160073, 0.999236)
bones/8/rotation = Quaternion(-0.711178, -0.265491, 0.569401, -0.315473)
bones/9/rotation = Quaternion(0.175839, -0.132807, -0.037679, 0.974692)
bones/10/rotation = Quaternion(0.133771, 0.138, 0.262509, 0.945595)
bones/12/rotation = Quaternion(0.679124, -0.285527, 0.610693, 0.290376)
bones/13/rotation = Quaternion(0.187285, 0.175387, 0.169292, 0.95158)
bones/14/rotation = Quaternion(0.158203, -0.101476, -0.18558, 0.964487)
bones/16/rotation = Quaternion(0.0612905, 0.205257, 0.975386, -0.0523004)
bones/17/rotation = Quaternion(-0.562605, 0.0103663, 0.00254813, 0.826657)
bones/18/rotation = Quaternion(0.533413, 0.0602251, -0.0271846, 0.84327)
bones/19/rotation = Quaternion(0.300897, -0.131982, 0.0274355, 0.944081)
bones/21/rotation = Quaternion(-0.0750459, 0.111058, 0.990128, -0.0410053)
bones/22/rotation = Quaternion(-0.242974, -0.0667478, 0.00916402, 0.96769)
bones/23/rotation = Quaternion(0.589716, -0.0878123, -0.0212995, 0.80254)
bones/24/rotation = Quaternion(0.314122, 0.149418, -0.0421531, 0.936603)

[node name="PhysicalBoneSimulator3D" type="PhysicalBoneSimulator3D" parent="Sketchfab_Scene/Sketchfab_model/ca4277049ce1436b9e342cd12ef1e627_fbx/Object_2/RootNode/Object_4/Skeleton3D" index="1"]

[node name="Physical Bone _rootJoint" type="PhysicalBone3D" parent="Sketchfab_Scene/Sketchfab_model/ca4277049ce1436b9e342cd12ef1e627_fbx/Object_2/RootNode/Object_4/Skeleton3D/PhysicalBoneSimulator3D"]
transform = Transform3D(1, 0, 0, 0, 0.0092318, -0.999957, 0, 0.999957, 0.0092318, 0, 0.973223, -0.00898499)
joint_offset = Transform3D(1, 0, 0, 0, 1, 0, 0, 0, 1, 0, 0, 0.973265)
body_offset = Transform3D(1, 0, 0, 0, 0.0092318, -0.999957, 0, 0.999957, 0.0092318, 0, 0.973223, -0.00898499)
bone_name = "_rootJoint"

[node name="CollisionShape3D" type="CollisionShape3D" parent="Sketchfab_Scene/Sketchfab_model/ca4277049ce1436b9e342cd12ef1e627_fbx/Object_2/RootNode/Object_4/Skeleton3D/PhysicalBoneSimulator3D/Physical Bone _rootJoint"]
transform = Transform3D(1, 0, 0, 0, 0, 1, 0, -1, 0, 0, 0, 0)
shape = SubResource("CapsuleShape3D_3iw8k")

[node name="Physical Bone mixamorig_Hips_00" type="PhysicalBone3D" parent="Sketchfab_Scene/Sketchfab_model/ca4277049ce1436b9e342cd12ef1e627_fbx/Object_2/RootNode/Object_4/Skeleton3D/PhysicalBoneSimulator3D"]
transform = Transform3D(0.997817, 0.0510273, -0.0419221, -0.0439833, 0.0399659, -0.998233, -0.0492617, 0.997897, 0.042123, 0.00199704, 2.0013, -0.0173165)
joint_type = 1
joint_offset = Transform3D(1, 0, 0, 0, 1, 0, 0, 0, 1, -1.96343e-06, 1.98372e-06, 0.107655)
body_offset = Transform3D(1, -1.9744e-07, -1.71131e-07, -1.58499e-07, 0.0577124, -0.998333, 2.12342e-07, 0.998333, 0.0577124, 1.98185e-06, 0.107476, -0.00621501)
bone_name = "mixamorig_Hips_00"
joint_constraints/bias = 0.3
joint_constraints/damping = 1.0
joint_constraints/impulse_clamp = 0.0

[node name="CollisionShape3D" type="CollisionShape3D" parent="Sketchfab_Scene/Sketchfab_model/ca4277049ce1436b9e342cd12ef1e627_fbx/Object_2/RootNode/Object_4/Skeleton3D/PhysicalBoneSimulator3D/Physical Bone mixamorig_Hips_00"]
transform = Transform3D(1, 0, 0, 0, 0, 1, 0, -1, 0, 0, 0, 0)
shape = SubResource("CapsuleShape3D_t4ufd")

[node name="Physical Bone mixamorig_Spine_01" type="PhysicalBone3D" parent="Sketchfab_Scene/Sketchfab_model/ca4277049ce1436b9e342cd12ef1e627_fbx/Object_2/RootNode/Object_4/Skeleton3D/PhysicalBoneSimulator3D"]
transform = Transform3D(0.998344, 0.0542072, -0.0192517, -0.0212446, 0.0364318, -0.99911, -0.0534576, 0.997865, 0.0375231, 0.00892637, 2.23424, -0.0265614)
joint_type = 1
joint_offset = Transform3D(1, 0, 0, 0, 1, 0, 0, 0, 1, -4.1261e-07, 3.84623e-07, 0.125584)
body_offset = Transform3D(1, -4.17233e-07, -6.89412e-07, -6.90576e-07, 3.72529e-08, -1, 4.20958e-07, 1, 2.23517e-08, 4.99189e-07, 0.125584, -3.8743e-07)
bone_name = "mixamorig_Spine_01"
joint_constraints/bias = 0.3
joint_constraints/damping = 1.0
joint_constraints/impulse_clamp = 0.0

[node name="CollisionShape3D" type="CollisionShape3D" parent="Sketchfab_Scene/Sketchfab_model/ca4277049ce1436b9e342cd12ef1e627_fbx/Object_2/RootNode/Object_4/Skeleton3D/PhysicalBoneSimulator3D/Physical Bone mixamorig_Spine_01"]
transform = Transform3D(1, 0, 0, 0, 0, 1, 0, -1, 0, 0, 0, 0)
shape = SubResource("CapsuleShape3D_8pjy7")

[node name="Physical Bone mixamorig_Spine1_02" type="PhysicalBone3D" parent="Sketchfab_Scene/Sketchfab_model/ca4277049ce1436b9e342cd12ef1e627_fbx/Object_2/RootNode/Object_4/Skeleton3D/PhysicalBoneSimulator3D"]
transform = Transform3D(0.997792, 0.0656184, -0.0102801, -0.0122358, 0.0294719, -0.999491, -0.065282, 0.997409, 0.0302097, 0.0128203, 2.50334, -0.0356123)
joint_type = 1
joint_offset = Transform3D(1, 0, 0, 0, 1, 0, 0, 0, 1, 8.38784e-07, -2.27854e-06, 0.143672)
body_offset = Transform3D(1, 7.45058e-09, 5.58794e-09, 0, 0, -1, 0, 1, -9.31323e-09, -8.39587e-07, 0.143672, 2.27988e-06)
bone_name = "mixamorig_Spine1_02"
joint_constraints/bias = 0.3
joint_constraints/damping = 1.0
joint_constraints/impulse_clamp = 0.0

[node name="CollisionShape3D" type="CollisionShape3D" parent="Sketchfab_Scene/Sketchfab_model/ca4277049ce1436b9e342cd12ef1e627_fbx/Object_2/RootNode/Object_4/Skeleton3D/PhysicalBoneSimulator3D/Physical Bone mixamorig_Spine1_02"]
transform = Transform3D(1, 0, 0, 0, 0, 1, 0, -1, 0, 0, 0, 0)
shape = SubResource("CapsuleShape3D_avh35")

[node name="Physical Bone mixamorig_Spine2_03" type="PhysicalBone3D" parent="Sketchfab_Scene/Sketchfab_model/ca4277049ce1436b9e342cd12ef1e627_fbx/Object_2/RootNode/Object_4/Skeleton3D/PhysicalBoneSimulator3D"]
transform = Transform3D(0.997024, 0.0770819, -0.00139278, -0.00314492, 0.0226141, -0.999739, -0.0770304, 0.996768, 0.0227892, 0.0145205, 2.80796, -0.0436192)
joint_type = 1
joint_offset = Transform3D(1, 0, 0, 0, 1, 0, 0, 0, 1, -2.09323e-07, -4.2842e-06, 0.161328)
body_offset = Transform3D(1, 0, 2.7474e-08, 2.51457e-08, -1.30385e-08, -1, 0, 1, -2.23517e-08, 2.04891e-07, 0.161328, 4.28781e-06)
bone_name = "mixamorig_Spine2_03"
joint_constraints/bias = 0.3
joint_constraints/damping = 1.0
joint_constraints/impulse_clamp = 0.0

[node name="CollisionShape3D" type="CollisionShape3D" parent="Sketchfab_Scene/Sketchfab_model/ca4277049ce1436b9e342cd12ef1e627_fbx/Object_2/RootNode/Object_4/Skeleton3D/PhysicalBoneSimulator3D/Physical Bone mixamorig_Spine2_03"]
transform = Transform3D(1, 0, 0, 0, 0, 1, 0, -1, 0, 0, 0, 0)
shape = SubResource("CapsuleShape3D_m3j6f")

[node name="Physical Bone mixamorig_Neck_04" type="PhysicalBone3D" parent="Sketchfab_Scene/Sketchfab_model/ca4277049ce1436b9e342cd12ef1e627_fbx/Object_2/RootNode/Object_4/Skeleton3D/PhysicalBoneSimulator3D"]
transform = Transform3D(-0.997259, -0.0558279, -0.0485512, 0.0244937, 0.370093, -0.928672, 0.0698142, -0.927316, -0.367712, 0.0194139, 3.05885, -0.0119468)
joint_type = 1
joint_offset = Transform3D(1, 0, 0, 0, 1, 0, 0, 0, 1, -1.99182e-08, -9.49949e-08, 0.0961631)
body_offset = Transform3D(-1, -1.11759e-07, -2.45869e-07, 1.95578e-07, 0.337438, -0.941348, 1.71363e-07, -0.941348, -0.337438, 3.72529e-09, 0.090523, 0.032449)
bone_name = "mixamorig_Neck_04"
joint_constraints/bias = 0.3
joint_constraints/damping = 1.0
joint_constraints/impulse_clamp = 0.0

[node name="CollisionShape3D" type="CollisionShape3D" parent="Sketchfab_Scene/Sketchfab_model/ca4277049ce1436b9e342cd12ef1e627_fbx/Object_2/RootNode/Object_4/Skeleton3D/PhysicalBoneSimulator3D/Physical Bone mixamorig_Neck_04"]
transform = Transform3D(1, 0, 0, 0, 0, 1, 0, -1, 0, 0, 0, 0)
shape = SubResource("CapsuleShape3D_kwdp3")

[node name="Physical Bone mixamorig_Head_05" type="PhysicalBone3D" parent="Sketchfab_Scene/Sketchfab_model/ca4277049ce1436b9e342cd12ef1e627_fbx/Object_2/RootNode/Object_4/Skeleton3D/PhysicalBoneSimulator3D"]
transform = Transform3D(-0.999885, -0.0150016, -0.00202157, -0.00435434, 0.412953, -0.910742, 0.0144974, -0.910629, -0.412971, 0.0245034, 3.33716, 0.109139)
joint_type = 1
joint_offset = Transform3D(1, 0, 0, 0, 1, 0, 0, 0, 1, 9.21303e-07, 1.96323e-05, 0.207538)
body_offset = Transform3D(-1, -1.47149e-07, 5.58794e-09, -4.64497e-08, 0.337437, -0.941348, 1.35973e-07, -0.941348, -0.337437, 9.20147e-07, 0.195359, 0.0700495)
bone_name = "mixamorig_Head_05"
joint_constraints/bias = 0.3
joint_constraints/damping = 1.0
joint_constraints/impulse_clamp = 0.0

[node name="CollisionShape3D" type="CollisionShape3D" parent="Sketchfab_Scene/Sketchfab_model/ca4277049ce1436b9e342cd12ef1e627_fbx/Object_2/RootNode/Object_4/Skeleton3D/PhysicalBoneSimulator3D/Physical Bone mixamorig_Head_05"]
transform = Transform3D(1, 0, 0, 0, 0, 1, 0, -1, 0, 0, 0, 0)
shape = SubResource("CapsuleShape3D_qqoj0")

[node name="Physical Bone mixamorig_LeftShoulder_07" type="PhysicalBone3D" parent="Sketchfab_Scene/Sketchfab_model/ca4277049ce1436b9e342cd12ef1e627_fbx/Object_2/RootNode/Object_4/Skeleton3D/PhysicalBoneSimulator3D"]
transform = Transform3D(0.134654, -0.653271, -0.745054, -0.00440845, -0.752289, 0.658819, -0.990883, -0.0854278, -0.104178, 0.200434, 2.84689, -0.0455305)
joint_type = 1
joint_offset = Transform3D(1, 0, 0, 0, 1, 0, 0, 0, 1, -1.20287e-09, -3.95179e-08, 0.112851)
body_offset = Transform3D(1, -1.04308e-07, -2.23517e-08, -1.49012e-08, 4.32134e-07, -1, 7.45058e-09, 1, 3.50177e-07, 3.72529e-09, 0.112851, 0)
bone_name = "mixamorig_LeftShoulder_07"
joint_constraints/bias = 0.3
joint_constraints/damping = 1.0
joint_constraints/impulse_clamp = 0.0

[node name="CollisionShape3D" type="CollisionShape3D" parent="Sketchfab_Scene/Sketchfab_model/ca4277049ce1436b9e342cd12ef1e627_fbx/Object_2/RootNode/Object_4/Skeleton3D/PhysicalBoneSimulator3D/Physical Bone mixamorig_LeftShoulder_07"]
transform = Transform3D(1, 0, 0, 0, 0, 1, 0, -1, 0, 0, 0, 0)
shape = SubResource("CapsuleShape3D_svjcv")

[node name="Physical Bone mixamorig_LeftArm_08" type="PhysicalBone3D" parent="Sketchfab_Scene/Sketchfab_model/ca4277049ce1436b9e342cd12ef1e627_fbx/Object_2/RootNode/Object_4/Skeleton3D/PhysicalBoneSimulator3D"]
transform = Transform3D(-0.120471, -0.874405, -0.470002, -0.109872, -0.458797, 0.881722, -0.986618, 0.157862, -0.0408007, 0.399637, 2.55657, -0.02378)
joint_type = 1
joint_offset = Transform3D(1, 0, 0, 0, 1, 0, 0, 0, 1, -1.09498e-08, -3.93508e-08, 0.244943)
body_offset = Transform3D(1, -1.49012e-08, 4.47035e-08, 3.72529e-09, 8.19564e-08, -1, 0, 1, 1.60653e-07, 0, 0.244943, 0)
bone_name = "mixamorig_LeftArm_08"
joint_constraints/bias = 0.3
joint_constraints/damping = 1.0
joint_constraints/impulse_clamp = 0.0

[node name="CollisionShape3D" type="CollisionShape3D" parent="Sketchfab_Scene/Sketchfab_model/ca4277049ce1436b9e342cd12ef1e627_fbx/Object_2/RootNode/Object_4/Skeleton3D/PhysicalBoneSimulator3D/Physical Bone mixamorig_LeftArm_08"]
transform = Transform3D(1, 0, 0, 0, 0, 1, 0, -1, 0, 0, 0, 0)
shape = SubResource("CapsuleShape3D_2smsk")

[node name="Physical Bone mixamorig_LeftForeArm_09" type="PhysicalBone3D" parent="Sketchfab_Scene/Sketchfab_model/ca4277049ce1436b9e342cd12ef1e627_fbx/Object_2/RootNode/Object_4/Skeleton3D/PhysicalBoneSimulator3D"]
transform = Transform3D(0.318203, -0.93456, -0.159199, -0.473315, -0.302113, 0.827466, -0.821413, -0.187951, -0.538475, 0.571777, 2.04425, 0.179064)
joint_type = 1
joint_offset = Transform3D(1, 0, 0, 0, 1, 0, 0, 0, 1, 1.06734e-07, 2.21474e-07, 0.358141)
body_offset = Transform3D(1, -2.23517e-07, -2.98023e-07, -8.9407e-08, -6.78003e-07, -1, 5.96046e-08, 1, -6.18398e-07, 0, 0.358141, 0)
bone_name = "mixamorig_LeftForeArm_09"
joint_constraints/bias = 0.3
joint_constraints/damping = 1.0
joint_constraints/impulse_clamp = 0.0

[node name="CollisionShape3D" type="CollisionShape3D" parent="Sketchfab_Scene/Sketchfab_model/ca4277049ce1436b9e342cd12ef1e627_fbx/Object_2/RootNode/Object_4/Skeleton3D/PhysicalBoneSimulator3D/Physical Bone mixamorig_LeftForeArm_09"]
transform = Transform3D(1, 0, 0, 0, 0, 1, 0, -1, 0, 0, 0, 0)
shape = SubResource("CapsuleShape3D_ela0v")

[node name="Physical Bone mixamorig_RightShoulder_011" type="PhysicalBone3D" parent="Sketchfab_Scene/Sketchfab_model/ca4277049ce1436b9e342cd12ef1e627_fbx/Object_2/RootNode/Object_4/Skeleton3D/PhysicalBoneSimulator3D"]
transform = Transform3D(0.167457, 0.654055, 0.737679, -0.0109282, -0.746967, 0.664771, 0.985819, -0.119382, -0.117937, -0.170672, 2.84683, -0.0273582)
joint_type = 1
joint_offset = Transform3D(1, 0, 0, 0, 1, 0, 0, 0, 1, -2.12246e-07, -2.17293e-07, 0.112851)
body_offset = Transform3D(1, -1.24425e-06, 1.84774e-06, 1.885e-06, -8.56817e-08, -1, 1.15484e-06, 1, -1.87196e-07, 3.72529e-09, 0.112851, 2.38419e-07)
bone_name = "mixamorig_RightShoulder_011"
joint_constraints/bias = 0.3
joint_constraints/damping = 1.0
joint_constraints/impulse_clamp = 0.0

[node name="CollisionShape3D" type="CollisionShape3D" parent="Sketchfab_Scene/Sketchfab_model/ca4277049ce1436b9e342cd12ef1e627_fbx/Object_2/RootNode/Object_4/Skeleton3D/PhysicalBoneSimulator3D/Physical Bone mixamorig_RightShoulder_011"]
transform = Transform3D(1, 0, 0, 0, 0, 1, 0, -1, 0, 0, 0, 0)
shape = SubResource("CapsuleShape3D_euf3d")

[node name="Physical Bone mixamorig_RightArm_012" type="PhysicalBone3D" parent="Sketchfab_Scene/Sketchfab_model/ca4277049ce1436b9e342cd12ef1e627_fbx/Object_2/RootNode/Object_4/Skeleton3D/PhysicalBoneSimulator3D"]
transform = Transform3D(-0.31542, 0.853575, 0.414632, -0.0655184, -0.455483, 0.88783, 0.946688, 0.252874, 0.199593, -0.355625, 2.55404, -0.0630063)
joint_type = 1
joint_offset = Transform3D(1, 0, 0, 0, 1, 0, 0, 0, 1, -6.74766e-08, 1.27567e-06, 0.245286)
body_offset = Transform3D(1, -8.9407e-08, -8.9407e-08, 0, 2.34693e-07, -1, 5.96046e-08, 1, 1.45286e-07, 8.9407e-08, 0.245286, -1.3113e-06)
bone_name = "mixamorig_RightArm_012"
joint_constraints/bias = 0.3
joint_constraints/damping = 1.0
joint_constraints/impulse_clamp = 0.0

[node name="CollisionShape3D" type="CollisionShape3D" parent="Sketchfab_Scene/Sketchfab_model/ca4277049ce1436b9e342cd12ef1e627_fbx/Object_2/RootNode/Object_4/Skeleton3D/PhysicalBoneSimulator3D/Physical Bone mixamorig_RightArm_012"]
transform = Transform3D(1, 0, 0, 0, 0, 1, 0, -1, 0, 0, 0, 0)
shape = SubResource("CapsuleShape3D_36s3b")

[node name="Physical Bone mixamorig_RightForeArm_013" type="PhysicalBone3D" parent="Sketchfab_Scene/Sketchfab_model/ca4277049ce1436b9e342cd12ef1e627_fbx/Object_2/RootNode/Object_4/Skeleton3D/PhysicalBoneSimulator3D"]
transform = Transform3D(-0.00849292, 0.984448, 0.175469, 0.224262, -0.16913, 0.95974, 0.974492, 0.0475021, -0.219338, -0.520152, 1.99241, -0.0333946)
joint_type = 1
joint_offset = Transform3D(1, 0, 0, 0, 1, 0, 0, 0, 1, 1.55154e-05, -4.07836e-05, 0.35827)
body_offset = Transform3D(1, -1.45286e-07, -1.3411e-07, -7.45058e-08, -1.39698e-08, -1, 9.31323e-08, 1, 3.91155e-08, -1.54674e-05, 0.35827, 4.07696e-05)
bone_name = "mixamorig_RightForeArm_013"
joint_constraints/bias = 0.3
joint_constraints/damping = 1.0
joint_constraints/impulse_clamp = 0.0

[node name="CollisionShape3D" type="CollisionShape3D" parent="Sketchfab_Scene/Sketchfab_model/ca4277049ce1436b9e342cd12ef1e627_fbx/Object_2/RootNode/Object_4/Skeleton3D/PhysicalBoneSimulator3D/Physical Bone mixamorig_RightForeArm_013"]
transform = Transform3D(1, 0, 0, 0, 0, 1, 0, -1, 0, 0, 0, 0)
shape = SubResource("CapsuleShape3D_q4gau")

[node name="Physical Bone mixamorig_LeftUpLeg_015" type="PhysicalBone3D" parent="Sketchfab_Scene/Sketchfab_model/ca4277049ce1436b9e342cd12ef1e627_fbx/Object_2/RootNode/Object_4/Skeleton3D/PhysicalBoneSimulator3D"]
transform = Transform3D(-0.981462, 0.160174, -0.10525, -0.0358648, 0.385963, 0.921817, 0.188274, 0.908503, -0.373063, 0.183891, 1.35643, 0.158157)
joint_type = 1
joint_offset = Transform3D(1, 0, 0, 0, 1, 0, 0, 0, 1, -6.29302e-08, -2.11814e-07, 0.446349)
body_offset = Transform3D(1, 0, 7.45058e-09, 0, -2.98023e-08, -1, 0, 1, -5.96046e-08, 5.96046e-08, 0.446349, 2.38419e-07)
bone_name = "mixamorig_LeftUpLeg_015"
joint_constraints/bias = 0.3
joint_constraints/damping = 1.0
joint_constraints/impulse_clamp = 0.0

[node name="CollisionShape3D" type="CollisionShape3D" parent="Sketchfab_Scene/Sketchfab_model/ca4277049ce1436b9e342cd12ef1e627_fbx/Object_2/RootNode/Object_4/Skeleton3D/PhysicalBoneSimulator3D/Physical Bone mixamorig_LeftUpLeg_015"]
transform = Transform3D(1, 0, 0, 0, 0, 1, 0, -1, 0, 0, 0, 0)
shape = SubResource("CapsuleShape3D_xlkob")

[node name="Physical Bone mixamorig_LeftLeg_016" type="PhysicalBone3D" parent="Sketchfab_Scene/Sketchfab_model/ca4277049ce1436b9e342cd12ef1e627_fbx/Object_2/RootNode/Object_4/Skeleton3D/PhysicalBoneSimulator3D"]
transform = Transform3D(-0.985226, 0.142645, 0.0947705, -0.0367175, -0.716452, 0.696669, 0.167275, 0.682897, 0.711105, 0.195557, 0.685412, 0.0597296)
joint_type = 1
joint_offset = Transform3D(1, 0, 0, 0, 1, 0, 0, 0, 1, -2.12259e-06, -8.97516e-07, 0.372582)
body_offset = Transform3D(1, -5.7295e-06, 5.73695e-06, 5.7444e-06, -1.37091e-06, -1, 5.72205e-06, 1, -1.43051e-06, -1.49012e-08, 0.372582, 1.43051e-06)
bone_name = "mixamorig_LeftLeg_016"
joint_constraints/bias = 0.3
joint_constraints/damping = 1.0
joint_constraints/impulse_clamp = 0.0

[node name="CollisionShape3D" type="CollisionShape3D" parent="Sketchfab_Scene/Sketchfab_model/ca4277049ce1436b9e342cd12ef1e627_fbx/Object_2/RootNode/Object_4/Skeleton3D/PhysicalBoneSimulator3D/Physical Bone mixamorig_LeftLeg_016"]
transform = Transform3D(1, 0, 0, 0, 0, 1, 0, -1, 0, 0, 0, 0)
shape = SubResource("CapsuleShape3D_0dx2m")

[node name="Physical Bone mixamorig_LeftFoot_017" type="PhysicalBone3D" parent="Sketchfab_Scene/Sketchfab_model/ca4277049ce1436b9e342cd12ef1e627_fbx/Object_2/RootNode/Object_4/Skeleton3D/PhysicalBoneSimulator3D"]
transform = Transform3D(-0.996992, 0.0745094, 0.0213192, 0.044341, 0.322803, 0.945427, 0.0635613, 0.943529, -0.325136, 0.156646, 0.266289, -0.150339)
joint_type = 1
joint_offset = Transform3D(1, 0, 0, 0, 1, 0, 0, 0, 1, -1.0798e-06, -2.01873e-06, 0.16877)
body_offset = Transform3D(1, -3.61353e-07, 4.09782e-08, -1.86265e-09, -2.98023e-08, -1, 3.42727e-07, 1, -1.78814e-07, 1.07288e-06, 0.16877, 2.04891e-06)
bone_name = "mixamorig_LeftFoot_017"
joint_constraints/bias = 0.3
joint_constraints/damping = 1.0
joint_constraints/impulse_clamp = 0.0

[node name="CollisionShape3D" type="CollisionShape3D" parent="Sketchfab_Scene/Sketchfab_model/ca4277049ce1436b9e342cd12ef1e627_fbx/Object_2/RootNode/Object_4/Skeleton3D/PhysicalBoneSimulator3D/Physical Bone mixamorig_LeftFoot_017"]
transform = Transform3D(1, 0, 0, 0, 0, 1, 0, -1, 0, 0, 0, 0)
shape = SubResource("CapsuleShape3D_c02cs")

[node name="Physical Bone mixamorig_LeftToeBase_018" type="PhysicalBone3D" parent="Sketchfab_Scene/Sketchfab_model/ca4277049ce1436b9e342cd12ef1e627_fbx/Object_2/RootNode/Object_4/Skeleton3D/PhysicalBoneSimulator3D"]
transform = Transform3D(-0.940371, 0.302682, -0.1552, 0.154619, 0.78677, 0.597567, 0.302979, 0.537938, -0.786655, 0.164446, 0.062848, -0.0377015)
joint_type = 1
joint_offset = Transform3D(1, 0, 0, 0, 1, 0, 0, 0, 1, -1.42864e-07, -6.43999e-08, 0.0734335)
body_offset = Transform3D(1, 8.9407e-08, 1.19209e-07, 8.9407e-08, 2.08616e-07, -1, -4.47035e-08, 1, 2.68221e-07, 1.3411e-07, 0.0734335, 4.47035e-08)
bone_name = "mixamorig_LeftToeBase_018"
joint_constraints/bias = 0.3
joint_constraints/damping = 1.0
joint_constraints/impulse_clamp = 0.0

[node name="CollisionShape3D" type="CollisionShape3D" parent="Sketchfab_Scene/Sketchfab_model/ca4277049ce1436b9e342cd12ef1e627_fbx/Object_2/RootNode/Object_4/Skeleton3D/PhysicalBoneSimulator3D/Physical Bone mixamorig_LeftToeBase_018"]
transform = Transform3D(1, 0, 0, 0, 0, 1, 0, -1, 0, 0, 0, 0)
shape = SubResource("CapsuleShape3D_vct5t")

[node name="Physical Bone mixamorig_RightUpLeg_020" type="PhysicalBone3D" parent="Sketchfab_Scene/Sketchfab_model/ca4277049ce1436b9e342cd12ef1e627_fbx/Object_2/RootNode/Object_4/Skeleton3D/PhysicalBoneSimulator3D"]
transform = Transform3D(-0.994376, -0.101018, -0.0318199, -0.0519491, 0.20339, 0.977719, -0.0922953, 0.973873, -0.207494, -0.137073, 1.34416, 0.100089)
joint_type = 1
joint_offset = Transform3D(1, 0, 0, 0, 1, 0, 0, 0, 1, 1.09424e-07, -5.37717e-07, 0.446347)
body_offset = Transform3D(1, 2.98023e-08, -7.82311e-08, -8.00937e-08, 6.70552e-07, -1, -2.98023e-08, 1, 6.70552e-07, -7.45058e-08, 0.446347, 2.38419e-07)
bone_name = "mixamorig_RightUpLeg_020"
joint_constraints/bias = 0.3
joint_constraints/damping = 1.0
joint_constraints/impulse_clamp = 0.0

[node name="CollisionShape3D" type="CollisionShape3D" parent="Sketchfab_Scene/Sketchfab_model/ca4277049ce1436b9e342cd12ef1e627_fbx/Object_2/RootNode/Object_4/Skeleton3D/PhysicalBoneSimulator3D/Physical Bone mixamorig_RightUpLeg_020"]
transform = Transform3D(1, 0, 0, 0, 0, 1, 0, -1, 0, 0, 0, 0)
shape = SubResource("CapsuleShape3D_dnul0")

[node name="Physical Bone mixamorig_RightLeg_021" type="PhysicalBone3D" parent="Sketchfab_Scene/Sketchfab_model/ca4277049ce1436b9e342cd12ef1e627_fbx/Object_2/RootNode/Object_4/Skeleton3D/PhysicalBoneSimulator3D"]
transform = Transform3D(-0.996352, 0.0596178, -0.061067, -0.0751627, -0.274068, 0.958769, 0.0404232, 0.959861, 0.277549, -0.100118, 0.550547, 0.0892973)
joint_type = 1
joint_offset = Transform3D(1, 0, 0, 0, 1, 0, 0, 0, 1, 7.58212e-08, 1.2292e-06, 0.372567)
body_offset = Transform3D(1, 2.23517e-08, -3.35276e-08, -2.70084e-08, -1.19209e-07, -1, 3.72529e-09, 1, -5.96046e-08, -6.33299e-08, 0.372567, -1.20699e-06)
bone_name = "mixamorig_RightLeg_021"
joint_constraints/bias = 0.3
joint_constraints/damping = 1.0
joint_constraints/impulse_clamp = 0.0

[node name="CollisionShape3D" type="CollisionShape3D" parent="Sketchfab_Scene/Sketchfab_model/ca4277049ce1436b9e342cd12ef1e627_fbx/Object_2/RootNode/Object_4/Skeleton3D/PhysicalBoneSimulator3D/Physical Bone mixamorig_RightLeg_021"]
transform = Transform3D(1, 0, 0, 0, 0, 1, 0, -1, 0, 0, 0, 0)
shape = SubResource("CapsuleShape3D_8w8lj")

[node name="Physical Bone mixamorig_RightFoot_022" type="PhysicalBone3D" parent="Sketchfab_Scene/Sketchfab_model/ca4277049ce1436b9e342cd12ef1e627_fbx/Object_2/RootNode/Object_4/Skeleton3D/PhysicalBoneSimulator3D"]
transform = Transform3D(-0.981589, 0.12512, -0.14432, 0.026397, 0.837191, 0.546274, 0.189173, 0.532407, -0.82508, -0.0528862, 0.100678, 0.125849)
joint_type = 1
joint_offset = Transform3D(1, 0, 0, 0, 1, 0, 0, 0, 1, -2.72747e-08, -9.60501e-08, 0.169627)
body_offset = Transform3D(1, 2.98023e-08, -1.49012e-08, 0, 5.96046e-07, -1, 0, 1, 5.66244e-07, 2.98023e-08, 0.169627, 0)
bone_name = "mixamorig_RightFoot_022"
joint_constraints/bias = 0.3
joint_constraints/damping = 1.0
joint_constraints/impulse_clamp = 0.0

[node name="CollisionShape3D" type="CollisionShape3D" parent="Sketchfab_Scene/Sketchfab_model/ca4277049ce1436b9e342cd12ef1e627_fbx/Object_2/RootNode/Object_4/Skeleton3D/PhysicalBoneSimulator3D/Physical Bone mixamorig_RightFoot_022"]
transform = Transform3D(1, 0, 0, 0, 0, 1, 0, -1, 0, 0, 0, 0)
shape = SubResource("CapsuleShape3D_a7ueh")

[node name="Physical Bone mixamorig_RightToeBase_023" type="PhysicalBone3D" parent="Sketchfab_Scene/Sketchfab_model/ca4277049ce1436b9e342cd12ef1e627_fbx/Object_2/RootNode/Object_4/Skeleton3D/PhysicalBoneSimulator3D"]
transform = Transform3D(-0.970453, -0.240639, -0.017722, -0.239512, 0.9696, -0.0501044, 0.0292403, -0.0443793, -0.998587, -0.0271038, 0.0116962, 0.339158)
joint_type = 1
joint_offset = Transform3D(1, 0, 0, 0, 1, 0, 0, 0, 1, 7.40114e-08, -5.95472e-08, 0.0734576)
body_offset = Transform3D(1, -4.28408e-08, -1.86265e-08, 0, 0, -1, 1.5134e-09, 1, 3.72529e-08, -7.26432e-08, 0.0734576, 5.68107e-08)
bone_name = "mixamorig_RightToeBase_023"
joint_constraints/bias = 0.3
joint_constraints/damping = 1.0
joint_constraints/impulse_clamp = 0.0

[node name="CollisionShape3D" type="CollisionShape3D" parent="Sketchfab_Scene/Sketchfab_model/ca4277049ce1436b9e342cd12ef1e627_fbx/Object_2/RootNode/Object_4/Skeleton3D/PhysicalBoneSimulator3D/Physical Bone mixamorig_RightToeBase_023"]
transform = Transform3D(1, 0, 0, 0, 0, 1, 0, -1, 0, 0, 0, 0)
shape = SubResource("CapsuleShape3D_lnt6b")

[node name="CollisionShape3D" type="CollisionShape3D" parent="."]
transform = Transform3D(1, 0, 0, 0, 1, 0, 0, 0, 1, 0.0866699, 1.68668, 0.0410156)
shape = SubResource("BoxShape3D_3iw8k")

[editable path="Sketchfab_Scene"]
